during downtime
C:\Users\Acer>jstat -gc 9728 1s 10
 S0C    S1C    S0U    S1U      EC       EU        OC         OU      MC      MU     CCSC   CCSU     YGC    YGCT   FGC     FGCT   CGC     CGCT     GCT
 0,0    0,0    0,0    0,0    2048,0    0,0      4096,0     4060,6   10368,0 9762,4 1152,0 1019,1     37    0,045  13      0,187  28      0,018    0,251
 0,0    0,0    0,0    0,0    2048,0    0,0      4096,0     4060,6   10368,0 9762,4 1152,0 1019,1     37    0,045  13      0,187  28      0,018    0,251
 0,0    0,0    0,0    0,0    2048,0    0,0      4096,0     4060,6   10368,0 9762,4 1152,0 1019,1     37    0,045  13      0,187  28      0,018    0,251
 0,0    0,0    0,0    0,0    2048,0    0,0      4096,0     4060,6   10368,0 9762,4 1152,0 1019,1     37    0,045  13      0,187  28      0,018    0,251
 0,0    0,0    0,0    0,0    2048,0    0,0      4096,0     4060,6   10368,0 9762,4 1152,0 1019,1     37    0,045  13      0,187  28      0,018    0,251
 0,0    0,0    0,0    0,0    2048,0    0,0      4096,0     4060,6   10368,0 9762,4 1152,0 1019,1     37    0,045  13      0,187  28      0,018    0,251
 0,0    0,0    0,0    0,0    2048,0    0,0      4096,0     4060,6   10368,0 9762,4 1152,0 1019,1     37    0,045  13      0,187  28      0,018    0,251
 0,0    0,0    0,0    0,0    2048,0    0,0      4096,0     4060,6   10368,0 9762,4 1152,0 1019,1     37    0,045  13      0,187  28      0,018    0,251
 0,0    0,0    0,0    0,0    2048,0    0,0      4096,0     4060,6   10368,0 9762,4 1152,0 1019,1     37    0,045  13      0,187  28      0,018    0,251
 0,0    0,0    0,0    0,0    2048,0    0,0      4096,0     4060,6   10368,0 9762,4 1152,0 1019,1     37    0,045  13      0,187  28      0,018    0,251
 
 
 withdrawal from the data base
 C:\Users\Acer>jstat -gc 9728 1s 10
 S0C    S1C    S0U    S1U      EC       EU        OC         OU       MC     MU     CCSC   CCSU     YGC     YGCT    FGC    FGCT    CGC    CGCT     GCT
 0,0   1024,0  0,0   147,5   1024,0    0,0      4096,0     4060,6   10752,0 10144,7 1280,0 1045,9     38    0,046  13      0,187  30      0,020    0,253
 0,0   1024,0  0,0   147,5   1024,0    0,0      4096,0     4060,6   10752,0 10144,7 1280,0 1045,9     38    0,046  13      0,187  30      0,020    0,253
 0,0   1024,0  0,0   147,5   1024,0    0,0      4096,0     4060,6   10752,0 10144,7 1280,0 1045,9     38    0,046  13      0,187  30      0,020    0,253
 0,0   1024,0  0,0   147,5   1024,0    0,0      4096,0     4060,6   10752,0 10144,7 1280,0 1045,9     38    0,046  13      0,187  30      0,020    0,253
 0,0   1024,0  0,0   147,5   1024,0    0,0      4096,0     4060,6   10752,0 10144,7 1280,0 1045,9     38    0,046  13      0,187  30      0,020    0,253
 0,0   1024,0  0,0   147,5   1024,0    0,0      4096,0     4060,6   10752,0 10144,7 1280,0 1045,9     38    0,046  13      0,187  30      0,020    0,253
 0,0   1024,0  0,0   147,5   1024,0    0,0      4096,0     4060,6   10752,0 10144,7 1280,0 1045,9     38    0,046  13      0,187  30      0,020    0,253
 0,0   1024,0  0,0   147,5   1024,0    0,0      4096,0     4060,6   10752,0 10144,7 1280,0 1045,9     38    0,046  13      0,187  30      0,020    0,253
 0,0   1024,0  0,0   147,5   1024,0    0,0      4096,0     4060,6   10752,0 10144,7 1280,0 1045,9     38    0,046  13      0,187  30      0,020    0,253
 0,0   1024,0  0,0   147,5   1024,0    0,0      4096,0     4060,6   10752,0 10144,7 1280,0 1045,9     38    0,046  13      0,187  30      0,020    0,253


Столбец	Описание
S0C		Current survivor space 0 capacity (KB).
S1C		Current survivor space 1 capacity (KB).
S0U		Survivor space 0 utilization (KB).
S1U		Survivor space 1 utilization (KB).
EC		Current eden space capacity (KB).
EU		Eden space utilization (KB).
OC		Current old space capacity (KB).
OU		Old space utilization (KB).
YGC		Number of young generation GC Events.
YGCT	Young generation garbage collection time.
FGC		Number of full GC events.
FGCT	Full garbage collection time.
GCT		Total garbage collection time.